Amount of starting bloxes: 500, Ill starting bloxes: 2, Time for a recovery: 5 seconds, Randomized movement: True
Time	Healthy	Sick	Recovered
1.0	491	9	0
2.0	450	50	0
3.0	385	115	0
4.0	293	207	0
5.0	193	307	0
6.0	107	384	9
7.0	48	406	46
8.0	21	377	102
9.0	13	308	179
10.0	25	235	240
11.0	43	218	239
12.0	66	246	188
13.0	53	314	133
14.0	32	384	84
15.0	14	414	72
16.0	10	381	109
17.0	8	327	165
18.0	24	250	226
19.0	40	211	249
20.0	50	241	209
21.0	47	317	136
22.0	26	389	85
23.0	13	414	73
24.0	10	392	98
25.0	8	324	168
26.0	18	250	232
27.0	40	207	253
28.0	53	220	227
29.0	67	294	139
30.0	32	379	89
31.0	11	412	77
32.0	9	392	99
33.0	11	347	142
34.0	14	269	217
35.0	34	200	266
36.0	57	204	239
37.0	63	276	161
38.0	42	372	86
39.0	21	412	67
40.0	11	401	88
41.0	8	359	133
42.0	18	283	199
43.0	35	206	259
44.0	60	196	244
45.0	72	263	165
46.0	50	354	96
47.0	17	411	72
48.0	8	409	83
49.0	5	379	116
50.0	14	309	177
51.0	22	220	258
52.0	46	187	267
53.0	68	237	195
54.0	53	332	115
55.0	25	399	76
56.0	8	412	80
57.0	8	391	101
58.0	18	332	150
59.0	22	233	245
60.0	51	181	268
61.0	80	215	205
62.0	73	312	115
63.0	34	385	81
64.0	15	412	73
65.0	10	404	86
66.0	11	350	139
67.0	15	249	236
68.0	40	182	278
69.0	73	205	222
70.0	63	300	137
71.0	39	375	86
72.0	13	416	71
73.0	10	410	80
74.0	8	366	126
75.0	8	267	225
76.0	23	193	284
77.0	62	199	239
78.0	78	280	142
79.0	42	363	95
80.0	26	396	78
81.0	12	408	80
82.0	4	374	122
83.0	5	299	196
84.0	30	203	267
85.0	52	207	241
86.0	71	272	157
87.0	41	352	107
88.0	18	394	88
89.0	15	408	77
90.0	9	381	110
91.0	8	300	192
92.0	23	210	267
93.0	57	192	251
94.0	68	261	171
95.0	43	344	113
96.0	27	386	87
97.0	16	410	74
98.0	13	395	92
99.0	9	310	181
100.0	24	214	262
101.0	44	196	260
102.0	76	242	182
103.0	54	328	118
104.0	25	384	91
105.0	10	414	76
106.0	10	399	91
107.0	4	328	168
108.0	18	236	246
109.0	40	190	270
110.0	74	228	198
111.0	56	305	139
112.0	26	383	91
113.0	17	406	77
114.0	11	409	80
115.0	5	347	148
116.0	16	253	231
117.0	36	183	281
118.0	75	205	220
119.0	72	282	146
120.0	39	367	94
121.0	19	406	75
122.0	8	422	70
123.0	9	372	119
124.0	15	273	212
125.0	26	201	273
126.0	57	202	241
127.0	71	270	159
128.0	31	370	99
129.0	17	415	68
130.0	9	418	73
131.0	10	368	122
132.0	11	287	202
133.0	29	186	285
134.0	57	189	254
135.0	77	240	183
136.0	50	348	102
137.0	24	411	65
138.0	8	424	68
139.0	6	375	119
140.0	9	317	174
141.0	18	225	257
142.0	41	191	268
143.0	63	236	201
144.0	46	338	116
145.0	24	403	73
146.0	10	411	79
147.0	9	379	112
148.0	9	321	170
149.0	21	228	251
150.0	48	181	271
151.0	71	223	206
152.0	56	337	107
153.0	32	398	70
154.0	8	419	73
155.0	5	398	97
156.0	7	343	150
157.0	15	238	247
158.0	39	176	285
159.0	58	215	227
160.0	76	307	117
161.0	24	393	83
162.0	10	409	81
163.0	6	411	83
164.0	4	354	142
165.0	12	261	227
166.0	32	173	295
167.0	59	208	233
168.0	80	282	138
169.0	42	370	88
170.0	19	408	73
171.0	15	407	78
172.0	7	368	125
173.0	11	283	206
174.0	24	193	283
175.0	48	200	252
176.0	73	287	140
177.0	56	340	104
178.0	19	396	85
179.0	12	408	80
180.0	7	376	117
181.0	11	292	197
182.0	22	224	254
183.0	42	212	246
184.0	74	254	172
185.0	50	337	113
186.0	30	385	85
187.0	15	407	78
188.0	9	378	113
189.0	7	312	181
190.0	25	231	244
191.0	51	205	244
192.0	64	241	195
193.0	39	339	122
194.0	27	382	91
195.0	16	408	76
196.0	8	391	101
197.0	9	327	164
198.0	18	232	250
199.0	33	208	259
200.0	77	229	194
201.0	40	326	134
202.0	24	387	89
203.0	13	398	89
204.0	8	396	96
205.0	12	339	149
206.0	23	239	238
207.0	34	197	269
208.0	69	226	205
209.0	68	300	132
210.0	31	380	89
211.0	21	408	71
212.0	11	397	92
213.0	12	343	145
214.0	22	261	217
215.0	16	206	278
216.0	50	221	229
217.0	67	279	154
218.0	47	368	85
219.0	11	412	77
220.0	9	400	91
221.0	10	348	142
222.0	17	291	192
223.0	25	222	253
224.0	47	200	253
225.0	59	271	170
226.0	62	346	92
227.0	20	405	75
228.0	9	394	97
229.0	8	363	129
230.0	14	299	187
231.0	23	254	223
232.0	36	207	257
233.0	52	265	183
234.0	55	342	103
235.0	22	396	82
236.0	9	385	106
237.0	9	368	123
238.0	12	311	177
239.0	25	245	230
240.0	46	204	250
241.0	57	247	196
242.0	64	335	101
243.0	23	392	85
244.0	8	395	97
245.0	9	370	121
246.0	14	338	148
247.0	19	253	228
248.0	34	199	267
249.0	50	240	210
250.0	66	307	127
251.0	30	376	94
252.0	16	388	96
253.0	12	383	105
254.0	13	337	150
255.0	20	276	204
256.0	36	209	255
257.0	42	240	218
258.0	67	303	130
259.0	47	357	96
260.0	22	379	99
261.0	17	384	99
262.0	15	345	140
263.0	19	274	207
264.0	38	218	244
265.0	41	242	217
266.0	49	302	149
267.0	35	356	109
268.0	24	380	96
269.0	14	394	92
270.0	13	350	137
271.0	13	279	208
272.0	30	221	249
273.0	58	231	211
274.0	67	277	156
275.0	49	335	116
276.0	30	377	93
277.0	17	392	91
278.0	10	366	124
279.0	10	307	183
280.0	26	244	230
281.0	34	236	230
282.0	59	264	177
283.0	48	319	133
284.0	36	366	98
285.0	21	390	89
286.0	12	362	126
287.0	12	315	173
288.0	21	265	214
289.0	26	245	229
290.0	47	258	195
291.0	44	316	140
292.0	27	373	100
293.0	17	386	97
294.0	18	357	125
295.0	13	327	160
296.0	21	277	202
297.0	26	241	233
298.0	44	257	199
299.0	46	317	137
300.0	33	362	105
301.0	20	372	108
302.0	13	365	122
303.0	16	328	156
304.0	24	274	202
305.0	25	241	234
306.0	54	244	202
307.0	51	302	147
308.0	38	353	109
309.0	28	377	95
310.0	11	364	125
311.0	9	347	144
312.0	15	289	196
313.0	22	249	229
314.0	53	242	205
315.0	46	293	161
316.0	38	342	120
317.0	21	367	112
318.0	13	366	121
319.0	13	357	130
320.0	19	301	180
321.0	21	249	230
322.0	40	249	211
323.0	54	280	166
324.0	40	333	127
325.0	23	361	116
326.0	7	387	106
327.0	17	352	131
328.0	23	309	168
329.0	31	254	215
330.0	28	252	220
331.0	46	263	191
332.0	36	323	141
333.0	27	366	107
334.0	16	382	102
335.0	15	357	128
336.0	19	313	168
337.0	27	261	212
338.0	36	254	210
339.0	44	265	191
340.0	39	309	152
341.0	34	364	102
342.0	13	393	94
343.0	7	363	130
344.0	10	326	164
345.0	25	271	204
346.0	46	239	215
347.0	50	247	203
348.0	44	299	157
349.0	37	348	115
350.0	22	389	89
351.0	15	375	110
352.0	13	330	157
353.0	22	275	203
354.0	29	239	232
355.0	49	241	210
356.0	47	296	157
357.0	41	352	107
358.0	30	383	87
359.0	18	382	100
360.0	15	338	147
361.0	20	285	195
362.0	25	245	230
363.0	41	245	214
364.0	47	291	162
365.0	40	344	116
366.0	24	376	100
367.0	23	367	110
368.0	22	334	144
369.0	22	279	199
370.0	42	245	213
371.0	50	250	200
372.0	33	296	171
373.0	35	353	112
374.0	17	391	92
375.0	6	387	107
376.0	12	338	150
377.0	22	286	192
378.0	34	238	228
379.0	42	242	216
380.0	40	281	179
381.0	43	348	109
382.0	17	393	90
383.0	11	392	97
384.0	8	346	146
385.0	22	286	192
386.0	25	237	238
387.0	51	228	221
388.0	56	268	176
389.0	37	347	116
390.0	21	393	86
391.0	14	393	93
392.0	11	357	132
393.0	19	303	178
394.0	26	242	232
395.0	41	224	235
396.0	53	257	190
397.0	51	343	106
398.0	23	383	94
399.0	21	384	95
400.0	15	359	126
401.0	15	313	172
402.0	19	247	234
403.0	35	228	237
404.0	54	265	181
405.0	34	345	121
406.0	25	378	97
407.0	12	384	104
408.0	9	365	126
409.0	19	317	164
410.0	21	240	239
411.0	40	222	238
412.0	58	259	183
413.0	44	333	123
414.0	27	379	94
415.0	10	388	102
416.0	14	371	115
417.0	14	322	164
418.0	17	248	235
419.0	35	208	257
420.0	71	239	190
421.0	43	333	124
422.0	31	371	98
423.0	21	388	91
424.0	13	383	104
425.0	14	345	141
426.0	25	250	225
427.0	25	218	257
428.0	71	222	207
429.0	48	321	131
430.0	22	374	104
431.0	17	385	98
432.0	13	384	103
433.0	10	359	131
434.0	15	265	220
435.0	25	210	265
436.0	61	225	214
437.0	61	302	137
438.0	33	359	108
439.0	21	377	102
440.0	17	393	90
441.0	10	363	127
442.0	17	276	207
443.0	19	220	261
444.0	44	232	224
445.0	54	296	150
446.0	27	357	116
447.0	20	386	94
448.0	13	397	90
449.0	14	365	121
450.0	11	287	202
451.0	27	210	263
452.0	52	233	215
453.0	56	278	166
454.0	34	354	112
455.0	20	383	97
456.0	14	405	81
457.0	9	365	126
458.0	8	301	191
459.0	28	215	257
460.0	38	229	233
461.0	58	266	176
462.0	35	341	124
463.0	32	378	90
464.0	19	408	73
465.0	15	363	122
466.0	12	304	184
467.0	37	227	236
468.0	53	216	231
469.0	54	251	195
470.0	48	321	131
471.0	29	372	99
472.0	16	406	78
473.0	12	380	108
474.0	13	309	178
475.0	25	245	230
476.0	51	220	229
477.0	53	248	199
478.0	49	309	142
479.0	41	380	79
480.0	21	404	75
481.0	8	390	102
482.0	6	319	175
483.0	20	262	218
484.0	39	216	245
485.0	56	240	204
486.0	54	296	150
487.0	34	372	94
488.0	20	396	84
489.0	8	389	103
490.0	12	336	152
491.0	21	273	206
492.0	35	214	251
493.0	54	220	226
494.0	59	277	164
495.0	38	366	96
496.0	22	397	81
497.0	12	394	94
498.0	12	355	133
499.0	12	295	193
500.0	26	218	256
501.0	52	216	232
502.0	83	264	153
503.0	40	359	101
504.0	24	389	87
505.0	8	398	94
506.0	16	359	125
507.0	12	316	172
508.0	33	229	238
509.0	38	214	248
510.0	66	259	175
511.0	48	343	109
512.0	21	380	99
513.0	13	395	92
514.0	16	370	114
515.0	15	314	171
516.0	29	238	233
517.0	40	212	248
518.0	56	258	186
519.0	62	319	119
520.0	31	379	90
521.0	15	392	93
522.0	13	375	112
523.0	12	318	170
524.0	14	267	219
525.0	25	224	251
526.0	56	249	195
527.0	48	314	138
528.0	36	373	91
529.0	20	383	97
530.0	13	369	118
531.0	10	331	159
532.0	14	269	217
533.0	30	230	240
534.0	57	239	204
535.0	56	310	134
536.0	30	363	107
537.0	23	375	102
538.0	19	371	110
539.0	20	348	132
540.0	23	277	200
541.0	32	226	242
542.0	53	242	205
543.0	62	294	144
544.0	37	355	108
545.0	22	369	109
546.0	16	381	103
547.0	9	358	133
548.0	19	286	195
549.0	17	238	245
550.0	38	250	212
551.0	43	292	165
552.0	37	333	130
553.0	18	385	97
554.0	11	390	99
555.0	13	351	136
556.0	17	289	194
557.0	31	248	221
558.0	47	238	215
559.0	52	272	176
560.0	42	339	119
561.0	26	378	96
562.0	15	392	93
563.0	7	352	141
564.0	12	306	182
565.0	19	247	234
566.0	50	236	214
567.0	64	262	174
568.0	42	328	130
569.0	25	376	99
570.0	18	385	97
571.0	12	366	122
572.0	17	318	165
573.0	24	253	223
574.0	36	224	240
575.0	54	268	178
576.0	40	328	132
577.0	25	375	100
578.0	20	382	98
579.0	11	370	119
580.0	15	318	167
581.0	16	251	233
582.0	36	225	239
583.0	55	267	178
584.0	41	328	131
585.0	22	369	109
586.0	16	384	100
587.0	7	380	113
588.0	15	322	163
589.0	21	255	224
590.0	40	220	240
591.0	62	255	183
592.0	57	308	135
593.0	41	358	101
594.0	27	377	96
595.0	12	384	104
596.0	11	332	157
597.0	23	264	213
598.0	28	237	235
599.0	56	256	188
600.0	47	303	150
601.0	36	348	116
602.0	34	377	89
603.0	11	382	107
604.0	15	334	151
605.0	22	268	210
606.0	27	246	227
607.0	45	260	195
608.0	38	298	164
609.0	38	348	114
610.0	29	380	91
611.0	15	379	106
612.0	13	339	148
613.0	17	274	209
614.0	36	246	218
615.0	50	249	201
616.0	46	297	157
617.0	28	350	122
618.0	27	388	85
619.0	9	385	106
620.0	12	342	146
621.0	16	280	204
622.0	30	240	230
623.0	35	242	223
624.0	45	286	169
625.0	37	345	118
626.0	27	385	88
627.0	13	383	104
628.0	12	355	133
629.0	14	293	193
630.0	30	251	219
631.0	49	242	209
632.0	55	275	170
633.0	41	334	125
634.0	23	382	95
635.0	9	390	101
636.0	19	342	139
637.0	10	309	181
638.0	23	249	228
639.0	27	242	231
640.0	43	267	190
641.0	44	340	116
642.0	32	371	97
643.0	12	391	97
644.0	17	342	141
645.0	19	309	172
646.0	18	267	215
647.0	37	241	222
648.0	45	256	199
649.0	51	334	115
650.0	38	368	94
651.0	15	373	112
652.0	19	348	133
653.0	15	320	165
654.0	23	263	214
655.0	40	240	220
656.0	46	258	196
657.0	44	323	133
658.0	42	357	101
659.0	18	372	110
660.0	13	368	119
661.0	12	331	157
662.0	26	267	207
663.0	37	249	214
664.0	43	264	193
665.0	34	311	155
666.0	35	346	119
667.0	23	375	102
668.0	12	372	116
669.0	15	330	155
670.0	23	275	202
671.0	40	253	207
672.0	45	268	187
673.0	41	297	162
674.0	31	344	125
675.0	29	366	105
676.0	14	367	119
677.0	12	327	161
678.0	19	283	198
679.0	40	253	207
680.0	45	253	202
681.0	44	282	174
682.0	41	335	124
683.0	24	376	100
684.0	24	368	108
685.0	12	350	138
686.0	19	296	185
687.0	39	263	198
688.0	38	260	202
689.0	44	291	165
690.0	44	311	145
691.0	30	367	103
692.0	19	370	111
693.0	12	337	151
694.0	21	297	182
695.0	32	274	194
696.0	47	251	202
697.0	34	295	171
698.0	39	313	148
699.0	35	355	110
700.0	24	368	108
701.0	13	354	133
702.0	15	298	187
703.0	27	283	190
704.0	38	273	189
705.0	43	279	178
706.0	47	304	149
707.0	26	354	120
708.0	21	370	109
709.0	20	340	140
710.0	19	313	168
711.0	32	291	177
712.0	42	256	202
713.0	39	259	202
714.0	40	308	152
715.0	35	344	121
716.0	23	371	106
717.0	15	358	127
718.0	17	329	154
719.0	19	294	187
720.0	31	265	204
721.0	46	256	198
722.0	42	299	159
723.0	28	343	129
724.0	14	368	118
725.0	18	359	123
726.0	14	342	144
727.0	19	298	183
728.0	33	251	216
729.0	48	250	202
730.0	57	282	161
731.0	39	341	120
732.0	26	352	122
733.0	19	368	113
734.0	25	344	131
735.0	17	315	168
736.0	29	248	223
737.0	37	249	214
738.0	50	286	164
739.0	55	324	121
740.0	28	353	119
741.0	15	372	113
742.0	20	358	122
743.0	22	304	174
744.0	26	270	204
745.0	36	245	219
746.0	37	285	178
747.0	30	328	142
748.0	20	367	113
749.0	19	372	109
750.0	22	356	122
751.0	24	308	168
752.0	29	251	220
753.0	38	232	230
754.0	49	276	175
755.0	51	316	133
756.0	26	369	105
757.0	21	382	97
758.0	13	375	112
759.0	18	309	173
760.0	19	274	207
761.0	40	242	218
762.0	40	269	191
763.0	46	309	145
764.0	26	356	118
765.0	15	380	105
766.0	10	370	120
767.0	13	320	167
768.0	14	276	210
769.0	30	254	216
770.0	37	267	196
771.0	43	302	155
772.0	35	352	113
773.0	26	376	98
774.0	14	372	114
775.0	18	320	162
776.0	28	280	192
777.0	43	246	211
778.0	37	260	203
779.0	31	299	170
780.0	26	350	124
781.0	22	374	104
782.0	8	379	113
783.0	15	330	155
784.0	17	280	203
785.0	26	244	230
786.0	50	256	194
787.0	43	298	159
788.0	39	346	115
